The result of actor_local.state_dict:
OrderedDict([('fc1.weight', tensor([[ 4.7307e-02,  5.5401e-02, -1.6154e-02,  ...,  3.1197e-02,
         -8.4595e-03, -1.8586e-02],
        [ 3.7097e-03,  4.4184e-02, -4.0048e-02,  ...,  5.0869e-02,
          2.9195e-02,  3.4965e-02],
        [-3.3830e-02,  1.9424e-02, -2.2671e-02,  ...,  1.9194e-02,
         -7.6123e-04,  1.2384e-02],
        ...,
        [ 3.2196e-02,  9.1142e-03, -2.3471e-02,  ..., -1.9122e-02,
         -7.7080e-03, -5.0526e-02],
        [ 1.2564e-02,  8.9849e-03, -5.4062e-02,  ...,  2.1405e-02,
          2.6143e-03,  3.1531e-02],
        [ 5.4800e-02,  3.8169e-02, -1.1758e-02,  ..., -3.0554e-02,
         -2.1221e-02,  2.3140e-02]], device='cuda:0')), ('fc1.bias', tensor([ 0.1340, -0.0519, -0.1579,  0.0056, -0.1330,  0.0985,  0.0462,
         0.1283, -0.0078, -0.1304,  0.1481, -0.1172,  0.1158,  0.0259,
         0.0661, -0.1320, -0.1366, -0.0834, -0.1187, -0.1447, -0.0437,
         0.1651,  0.1371,  0.1626,  0.0549, -0.1248,  0.1066,  0.1692,
        -0.1045, -0.0081,  0.0444,  0.1065,  0.0210, -0.1696, -0.0156,
        -0.1134,  0.0969,  0.1248,  0.0216, -0.1447, -0.0588, -0.0632,
         0.0882,  0.1029,  0.1136, -0.0520,  0.0663, -0.0389,  0.0197,
         0.0080, -0.1283,  0.0441,  0.0044, -0.0152, -0.1745, -0.1317,
         0.1609, -0.1660, -0.0688, -0.0716,  0.1140, -0.0301, -0.1324,
         0.1270,  0.1623,  0.0323, -0.1333,  0.1018,  0.0775,  0.0273,
        -0.0086,  0.0322, -0.1309,  0.1370, -0.0044, -0.1604,  0.1497,
        -0.0584,  0.0207,  0.0866,  0.0336,  0.1427, -0.1523,  0.0540,
         0.0077, -0.0013, -0.0952, -0.1122,  0.0683,  0.0156,  0.0085,
         0.1080,  0.0320,  0.0203,  0.1124,  0.0005,  0.1686, -0.1473,
         0.0873,  0.0531,  0.0255, -0.0495, -0.0266,  0.0582,  0.0193,
        -0.1397, -0.1474, -0.0868, -0.1630, -0.0477,  0.0525, -0.0921,
         0.0274,  0.1706, -0.0796,  0.1616, -0.0038, -0.1640, -0.0483,
         0.0320,  0.1436, -0.0489, -0.1266,  0.1584,  0.0368, -0.0505,
        -0.0793,  0.0680,  0.1461, -0.0081,  0.0408,  0.0450, -0.0259,
         0.0847,  0.1711,  0.0856,  0.1488,  0.0583, -0.0257,  0.0521,
        -0.1008, -0.0580,  0.0416,  0.0610, -0.1358,  0.0434,  0.1055,
        -0.1403,  0.0622, -0.0406,  0.1220,  0.1782,  0.0818, -0.1374,
         0.0648, -0.0768,  0.1318,  0.0636,  0.0829, -0.1297, -0.1679,
        -0.1009,  0.1694,  0.0835,  0.0493, -0.1311, -0.0507,  0.0147,
        -0.0199,  0.1686, -0.1663, -0.0313,  0.1146,  0.1168, -0.1293,
         0.0857, -0.0125, -0.1058, -0.0073, -0.1359, -0.0500,  0.1808,
        -0.1440, -0.1341,  0.1084,  0.1108, -0.1005, -0.0398,  0.0076,
        -0.1344,  0.0139, -0.0482, -0.0473,  0.0630, -0.0787,  0.0173,
         0.1609,  0.1388,  0.1117,  0.1528, -0.0564,  0.1614, -0.1545,
         0.1677,  0.1800,  0.0947,  0.0106,  0.0532, -0.0872, -0.0976,
        -0.1053,  0.1064, -0.1302,  0.0198,  0.0685, -0.1249, -0.1150,
         0.0102, -0.1392,  0.0279, -0.1236, -0.1083, -0.0825,  0.0363,
        -0.0450, -0.1575, -0.0684, -0.0464,  0.1432,  0.1318,  0.0196,
         0.0732, -0.1666, -0.0064,  0.0967,  0.0729, -0.0829,  0.1203,
         0.0613, -0.1144,  0.0446, -0.1300,  0.1128,  0.1179,  0.0043,
         0.0712, -0.0886, -0.0791, -0.0274, -0.1118, -0.0312,  0.0068,
        -0.0709,  0.1212,  0.0621,  0.1020, -0.1314, -0.0952, -0.0750,
         0.0942,  0.0590,  0.1530,  0.1519,  0.0076, -0.0720, -0.1439,
        -0.0109, -0.1346, -0.0393, -0.0148,  0.1455,  0.1218,  0.0675,
        -0.0649,  0.1459, -0.0888, -0.0981, -0.1374,  0.0031,  0.1629,
         0.0598,  0.1192,  0.1581,  0.0140, -0.1345,  0.0508, -0.1239,
        -0.0394, -0.1478, -0.0186, -0.0196,  0.1458, -0.1110, -0.0548,
         0.0887,  0.1275,  0.0128,  0.0441, -0.0217, -0.0241,  0.1700,
         0.1549,  0.0027, -0.1418, -0.0945, -0.0861,  0.1585, -0.0356,
         0.1547,  0.0752,  0.1196, -0.1361,  0.0037,  0.0645, -0.1506,
         0.0409,  0.0734, -0.0060, -0.0167,  0.1617,  0.0713, -0.0537,
        -0.1520, -0.1602,  0.0580, -0.1608,  0.1016,  0.0593, -0.0922,
         0.0425,  0.1621,  0.1432, -0.0112,  0.0192,  0.0340,  0.1042,
         0.0257, -0.1084, -0.0879, -0.0963, -0.0629,  0.1731, -0.1503,
        -0.0333, -0.0592, -0.0626, -0.0105,  0.0403,  0.0749, -0.0280,
         0.1410, -0.0147, -0.1640, -0.0123, -0.1358,  0.0720,  0.0097,
         0.1581, -0.0030,  0.1577, -0.1197,  0.1473,  0.0509,  0.0384,
        -0.0347, -0.0807, -0.1143, -0.0112,  0.0405,  0.0734, -0.0214,
        -0.1462, -0.0643,  0.0781, -0.0326, -0.0569, -0.0518,  0.1470,
        -0.0399, -0.1327, -0.0306, -0.1475,  0.1181, -0.1151,  0.1094,
         0.1116,  0.0377, -0.0513, -0.0152, -0.0892, -0.1537,  0.0665,
        -0.1672, -0.0367, -0.1237,  0.0779,  0.1390,  0.0351, -0.1561,
         0.1198], device='cuda:0')), ('fc2.weight', tensor([[-5.3222e-02,  1.5197e-02, -3.4929e-02,  ...,  3.0576e-02,
          5.5645e-02, -7.9136e-03],
        [ 5.2449e-02,  1.1703e-02,  1.7907e-02,  ..., -3.8233e-02,
          3.0526e-02,  3.7938e-02],
        [-2.4140e-02, -4.1473e-03, -5.9892e-03,  ...,  4.9540e-02,
         -2.1439e-02, -2.8788e-02],
        ...,
        [ 4.5851e-02,  1.6311e-02,  5.7214e-02,  ..., -1.4872e-02,
          5.1901e-02, -4.6877e-02],
        [ 5.3410e-02,  2.6345e-02, -4.7826e-02,  ..., -2.8078e-02,
         -2.8051e-02, -1.9277e-02],
        [-5.1023e-02, -2.3009e-02,  5.7116e-02,  ..., -4.3530e-02,
         -1.5005e-02, -2.3058e-02]], device='cuda:0')), ('fc2.bias', tensor(1.00000e-02 *
       [ 4.4529, -0.2209,  0.6709,  2.6508, -1.9072, -3.5440,  3.0842,
         4.3462,  0.5743, -3.9461,  4.0582,  2.1367,  1.4592,  4.8468,
        -4.0663,  4.6565, -3.6362, -3.9258, -3.9103,  2.6202,  0.7034,
        -0.3561,  1.8168,  2.1640,  1.0056,  0.8247, -2.9713, -3.1171,
        -4.1656, -3.1257,  2.8444,  4.2479,  3.2561,  5.4460, -3.3906,
         0.8931, -3.1017,  0.2861,  2.1260,  1.2395, -1.0157,  1.4527,
         0.6124,  1.7863,  3.5820,  5.2698,  1.1487,  3.2114,  0.5897,
        -4.3242, -4.4107,  3.2437,  2.6090,  4.9478,  3.3747, -2.3345,
        -0.1895,  1.0344, -0.4188, -3.7397, -2.4801, -0.5073,  3.7336,
         1.8495,  0.2007, -2.4710, -0.6704,  0.2873,  3.3729,  2.7714,
         0.0255, -4.4672, -4.5438,  0.5871,  1.2398, -2.3899,  2.8398,
         3.4566,  0.3351,  0.0211,  1.7320, -4.7691,  2.5825,  1.1753,
         0.8439, -1.2934, -0.1705, -1.3363, -3.7437, -0.5382,  2.8798,
        -2.2589, -3.7327, -2.7982, -1.4607, -1.5065,  2.4355, -0.5459,
        -3.2081,  4.6598,  5.5955, -3.7653, -0.7922,  0.7915, -3.5663,
        -0.5699,  2.8381,  0.8690,  2.1975,  5.5782,  2.8392,  2.8996,
         3.4866,  3.9880,  4.9922,  0.8222, -2.5113, -4.1788, -1.5883,
        -1.4997, -2.7556,  2.0430,  1.8227,  5.0032,  5.3444, -1.4933,
        -1.8295,  0.9193, -1.6597,  3.4668,  2.8145, -2.5063, -2.1523,
         1.0891,  3.0845, -0.8102, -3.7470,  3.4772, -1.1976, -3.1789,
        -1.7738, -2.5914, -3.7370,  0.4582, -0.6065,  0.8416,  1.5597,
        -1.1323,  5.0348,  4.1997, -1.4422, -0.3590, -3.4725, -2.3004,
        -0.9356, -0.7083, -3.2433,  1.0135,  2.8024,  1.1022, -3.6704,
        -1.6685,  2.0239,  3.6817, -1.2839,  3.1277, -3.1577,  2.0432,
         5.0935, -3.0868, -3.6853,  3.6530, -2.0213,  2.2477,  3.1968,
         3.0745,  4.4240,  2.0400,  4.4669,  2.5340,  0.9062,  0.0027,
         1.1738,  2.7959,  1.1926, -0.8297,  1.8592,  4.5772, -0.7619,
         4.6052,  4.6566,  2.8103,  0.0589, -4.1658,  5.2422, -0.2814,
        -2.8253, -3.4923,  2.3995,  3.9632, -3.7005,  0.4649, -1.7792,
         4.6933, -1.8195,  3.8519, -3.1808,  5.1599, -4.1800, -4.7381,
         5.9483, -2.1288, -0.2201,  5.4652, -3.6827,  4.2974, -3.2489,
        -3.2956,  3.0087,  4.8799, -3.8375,  3.3027,  4.5135,  4.0801,
        -4.2322, -2.0925,  3.9982,  4.1158, -1.2731,  0.2724,  3.5208,
         5.0560,  2.3644, -4.1961, -2.8812, -3.6066, -1.6668,  3.1074,
         4.7223, -2.2188,  1.2057, -1.6315,  4.9946,  0.3851, -2.5776,
        -2.3892,  2.6469,  3.6731,  0.2154,  4.1590,  1.0793,  4.6449,
         4.4766,  3.7594,  1.7546,  3.5396, -0.0912,  0.8116,  4.1418,
        -2.0669, -0.6302, -3.3964, -1.2295,  2.3827,  0.3556, -1.7587,
        -0.9766,  4.7928,  1.4419,  1.6671, -0.5943, -4.3440, -2.2637,
         1.6623, -4.2123,  0.7029,  4.4358, -1.5445, -4.6923, -0.5778,
         0.3712,  5.4540,  1.9886,  4.7141,  2.1495,  4.0289, -1.9045,
         5.3608,  2.7648, -3.0088, -3.8717,  2.8102,  0.0397,  4.9932,
         2.0941,  0.4090,  1.9343,  2.6041,  2.1811,  4.5874], device='cuda:0')), ('fc3.weight', tensor(1.00000e-02 *
       [[-0.2405, -0.5555, -0.2176,  ..., -0.4532, -0.4537, -0.7504],
        [-0.2513, -0.7375, -0.3843,  ..., -0.6679, -0.3397, -0.5256],
        [ 0.4045,  0.3693,  1.2060,  ...,  0.8591,  1.2201,  1.0239],
        [ 0.0658,  0.6362, -0.8015,  ...,  0.0440, -0.9829, -0.2657]], device='cuda:0')), ('fc3.bias', tensor(1.00000e-02 *
       [-4.9903, -2.9162, -4.8182, -4.4488], device='cuda:0'))])